,
.
:
i
)
(
-
!
?
;
'
$
&
1
[
]
2
>
3
%
4
2012
5
#
2011
--
10
*
2010
2009
6
7
8
2008
12
20
s
2013
15
11
9
30
2007
x
100
18
14
13
16
25
24
@
february
2006
17
21
19
22
50
23
2005
26
28
27
c
29
2004
40
st.
31
2003
dr.
2000
wednesday
u
b
t
60
2002
`
d
<
m
2001
sep
e
w
200
80
sold
90
35
500
32
70
r
1999
j
f
angeles
45
co.
1998
h
01
36
300
75
v
33
1997
3d
o
48
02
k
missed
34
1996
42
38
1995
150
65
37
64
q
400
44
55
invention
39
joseph
1994
120
99
95
250
360
41
ma
51
1993
43
46
1990
52
72
101
jr.
1992
47
85
1.5
2.5
1991
110
98
600
56
3.5
69
1989
feb.
68
53
67
nba
58
96
88
1988
800
78
59
76
1,000
77
74
73
84
125
62
82
97
86
61
92
1987
81
1980
89
1986
93
87
ibm
94
1984
1985
10,000
105
thompson
104
350
1983
1970
180
106
1982
115
103
1979
1981
700
111
4.5
sec
jefferson
123
1978
160
1976
1.2
100,000
nasa
1977
121
nm
1975
1.1
1969
1972
1973
1974
1968
117
2014
126
damages
240
1960
127
900
1971
1967
``
5,000
9/11
1.3
2,000
1.6
220
1950
u.
450
1965
1964
null
1966
1.4
2.2
320
2.1
2d
2.4
210
170
5.5
50,000
135
1.8
1900
1920
1963
7.5
20,000
750
co2
6.5
1962
911
3,000
175
11:30
8.5
256
1961
230
225
3.2
foul
1940
202
1945
203
650
0.1
sr.
1930
3.1
212
1959
2.3
nascar
144
206
1.7
1957
1956
1958
190
270
215
208
1955
260
30,000
1948
4g
310
204
limitation
.9
3.3
1954
133
550
4.2
480
136
280
1944
1947
192
1942
207
raid
1939
1952
401
4.1
1941
209
2.8
3.4
25,000
501
1946
302
137
1949
139
149
4.3
2015
1951
2.6
0.2
247
15,000
3.6
152
1910
151
213
224
2.7
200,000
217
146
264
1943
1911
500,000
148
305
4,000
216
9.5
156
255
pam
40,000
1938
1937
1.9
275
211
218
720
168
1936
229
222
325
235
1933
158
161
182
1929
159
1918
251
1917
1934
1935
172
2,500
pa.
312
cod
2020
227
166
239
169
245
219
3.8
221
1.25
3.7
163
1914
250,000
228
290
10.5
1912
315
1901
174
520
226
167
248
1919
1932
hal
171
223
0.4
4.6
1913
1928
179
4.4
1915
kodak
299
6.1
1927
1890
5.2
1925
apt
281
1931
242
254
4.7
177
189
0.6
184
5.3
1916
1909
188
249
187
1923
1922
1905
198
1908
191
300,000
1926
241
1924
411
262
7.2
1921
interestingly
1906
238
1860
2016
244
12.5
7.1
237
243
1870
2.9
1907
272
288
60,000
193
269
3.9
311
1904
630
6.2
1,200
306
276
402
289
263
150,000
316
5.7
1903
1898
261
1881
1895
266
1865
1024
257
10.1
5.4
259
277
860
1902
1864
5.6
314
508
'08
273
1896
278
1863
336
282
1892
284
504
11.5
505
6.3
283
660
701
5.8
291
1871
293
294
319
4.9
1894
602
386
400,000
7.4
8.1
headquartered
7.3
80,000
580
328
1885
347
13.5
419
6.7
12:57
1851
509
1875
619
618
435
907
715
6.6
609
6.8
770
8.2
714
1883
1882
4-3
8.3
516
414
1876
9-11
818
617
343
813
std
1872
9.1
342
810
385
1001
1812
2200
356
1873
780
357
912
666
10.2
1868
348
339
1848
3,500
1280
8.4
366
353
901
7.6
70,000
422
ct.
1859
7.8
14.5
519
830
358
847
812
1854
908
7.7
1858
427
75,000
662
8.8
418
787
1820
960
372
600,000
50/50
941
705
757
2017
441
667
716
431
378
379
590
6.9
14,000
820
529
9,000
535
tiff
388
16.5
845
18,000
730
858
1,400
15.5
1776
940
675
1,100
2050
1,300
670
747
10.3
468
2030
4:18
457
1:46
775
817
2008-2009
452
840
2257
9.7
8.7
880
45,000
16,000
843
3:51
2018
527
476
5:55
867
806
90,000
463
532
800,000
785
120,000
tam
5-4
636
1790
1801
btu
645
565
624
828
17,000
491
816
700,000
10.7
1821
1040
790
1789
350,000
1.05
728
.08
1,700
2025
1150
750,000
14.4
859
1020
915
1111
877
12.7
811
2,400
125,000
598
767
807
65,000
13.1
584
culminated
1099
1787
12.4
1807
1798
1777
8.25
924
24,000
20.5
676
1.60
14.2
1791
653
835
723
14.3
1788
997
922
1031
10.9
762
17.3
2,300
692
833
841
99.5
27.5
13.4
971
80/20
160,000
140,000
6,500
792
130,000
13.6
16.1
2022
782
764
450,000
791
1501
11.9
99.7
758
16.2
1066
gu
854
1779
853
2019
40-50
21,000
26,000
fra
793
1520
1620
797
1601
900,000
15.3
inf
2,700
2021
1660
2,600
180,000
19,000
31.5
16.9
30.5
1.16
85,000
1999-2000
1763
2040
961
1769
13.9
987
1420
50-50
18.2
1525
984
175,000
1745
986
1215
9-1
'98
1021
2001-2006
1715
994
1225
1023
1.59
1086
1022
170,000
1112
2008-2012
33,000
17.4
17.7
18.1
1035
1603
650,000
1075
brokered
2001-2002
1190
1746
1747
2035
5.15
1,150
1270
1712
1606
1870s
1537
6b
18.6
42,000
1703
18.8
1860s
2000-2001
1607
11-1
1209
36.5
1041
1156
1502
1051
1692
1700s
18.7
1036
34,000
1.46
1065
1145
1402
14.75
2024
1042
1503
1304
1034
1214
20.2
1029
1216
1161
'95
240,000
550,000
1235
37,000
2033
1175
2023
95,000
1512
1117
275,000
3.65
1222
1151
1,050
1127
1508
1119
1133
1619
230,000
1141
1072
1682
31.8
1067
29,000
1516
2026
1128
1997-98
1081
2401
1079
1088
1058
4.35
1043
1406
1219
1639
31,000
1335
1096
21.7
1434
23.2
2-3/4
1316
1077
1157
1517
1134
1146
22.3
850,000
1507
10-10
44,000
1198
1233
1674
10,500
'01
21.9
1248
1084
1559
mid-1970s
1332
1296
190,000
27.2
1324
2220
1514
1534
1137
1176
47,000
43.5
1546
24.9
43,000
1089
47.5
1285
1169
1344
1533
1149
11-0
1327
46,000
'93
1830s
1097
1351
2080
1274
2032
1189
2031
325,000
2029
1253
210,000
1567
1419
1246
2642
2045
24.7
260,000
280,000
10001
1543
1172
1259
1338
54.5
1268
1174
1257
1258
1388
27.6
10b
2036
1491
1392
165,000
1456
4,400
tcf
1343
1281
3310
1995-96
9/12
1356
46.5
2055
1277
58,000
1372
26.6
28.3
1472
64,000
26.8
27.1
4,600
72,000
9b
270,000
1397
1287
1339
1353
'68
88.5
53,000
5.59
56.5
39.6
330,000
2041
1466
2037
2311
68,000
360,000
2170
6001
57,000
62,000
2001-2003
1479
2042
320,000
1,550
2.91
1997-1998
1993-94
49,000
1/11
30.9
4,000,000
61.5
2001-2005
2116
34.3
66,000
155,000
35.2
63,000
2047
2151
14-2
'90
3011
51,000
33.4
67.5
10-17
39.2
1996-1997
2625
94.1
20002
425,000
'65
2929
78,000
2511
46.2
6,400
2370
6,300
195,000
380,000
340,000
2058
43.3
1995-1996
22,500
84,000
73,000
50.1
290,000
3820
77,000
2002-2007
2475
4,900
fourth-largest
44.6
420,000
47.2
2253
2421
88,000
5,100
39.8
2272
82,000
1,160
76,000
96,000
92.3
235,000
43.6
3505
42.4
2441
2702
74,000
47.1
1990-1991
1,180
87,000
1992-1993
1,049
98,000
2831
48.1
6,100
4213
fy12
'82
93,000
2146
61,000
83,000
2545
101.9
6,700
15-24
52.2
2372
43.7
20,000,000
50.7
3019
1,270
66.5
2271
86,000
44.7
3407
310,000
2529
4051
3017
2427
2182
265,000
46.8
79,000
74.5
440,000
2438
2,650
54.3
3018
3530
71,000
1,105
69.5
3161
3295
3162
63.6
2183
112,000
1,027
2534
78.5
88.3
7,600
fy11
2564
3905
1,058
430,000
8,400
460,000
1,215
1,047
62.2
55.8
1,037
59.4
2833
1,119
3406
299,000
2657
fy2011
390,000
97,000
91,000
fy2010
114,000
1,248
7,300
7,700
81,000
2865
3760
1,084
2729
1,158
205,000
1,126
0-15
1,100,000
56.4
1,107
71.1
2781
64.3
2819
70.2
3802
61.4
3804
37,500
128,000
acre-feet
1,288
65.7
3663
3196
118,000
3708
106,000
2946
3362
365,000
3608
73.4
61.7
1,279
1,356
fy09
3522
132,000
68.6
2796
4118
335,000
138,000
540,000
3192
21,500
3246
2853
560,000
139,000
70.8
116,000
3359
third-highest
2792
1,394
113,000
2968
345,000
127,000
67.8
3729
80.6
74.2
3294
71.3
68.7
179,000
3459
168,000
123,000
124,000
8,100
10,200
417,000
3938
630,000
1966-67
640,000
136,000
520,000
1,543
137,000
142,000
3397
1,619
133,000
1,622
9,300
1,614
1,581
1,704
134,000
6016
162,000
530,000
660,000
4737
580,000
101,000
435,000
1,722
680,000
620,000
157,000
1,709
156,000
158,000
1,836
1,876
1,661
4831
147,000
3898
163,000
2,045
154,000
84.8
780,000
152,000
4448
1,802
2,250,000
167,000
121,000
1,861
4364
9,700
1,926
192,000
4158
153,000
131,000
2,032
3,140
2,029
670,000
164,000
2,042
1,993
182,000
3,120
187,000
2,128
11,700
695,000
2,176
2,238
2,096
17.14
760,000
2,086
141,000
133.5
173,000
2,214
2,232
339,000
2,171
2,258
2,405
216,000
2,276
975,000
840,000
585,000
2,632
2,717
47,500
2,303
161,000
184,000
740,000
5,001
183,000
319,000
243,000
2,653
33,500
830,000
860,000
770,000
218,000
52,500
193,000
2,622
228,000
3,228
238,000
2,754
227,000
102.0
196,000
880,000
222,000
3,795
236,000
439,000
214,000
2,977
820,000
17,600
117.5
3,012
226,000
234,000
16,200
3,128
191,000
870,000
232,000
237,000
3,124
3,132
3,820
102.6
252,000
223,000
635,000
267,000
419,000
3,528
3,389
479,000
201,000
3,468
4,240
9,950
116.8
4,620
72,500
221,000
312,000
6,350
263,000
246,000
18,000,000
16,600
785,000
257,000
272,000
254,000
308,000
286,000
27,900
539,000
324,000
277,000
26,900
15,100
297,000
336,000
19,400
317,000
23,400
342,000
17,100
20,700
348,000
306,000
337,000
367,000
8,050
334,000
605,000
386,000
296,000
835,000
304,000
61,500
53,500
313,000
55,500
321,000
127,500
362,000
311,000
373,000
418,000
3,400,000
71,500
25,300
303,000
356,000
619,000
353,000
331,000
394,000
403,000
