,
.
:
i
)
(
-
!
?
;
'
$
&
1
[
]
2
3
%
4
2012
5
2011
--
10
2010
2009
6
7
8
2008
12
20
s
2013
15
11
9
30
2007
100
18
14
13
16
25
february
2006
22
50
23
2005
26
28
2004
40
st.
2003
2000
b
60
2002
dec
d
<
2001
sep
e
80
sold
90
35
500
70
r
1999
j
co.
1998
36
75
33
1997
3d
o
2.0
48
k
missed
34
1996
42
38
1995
65
64
q
400
1000
39
1994
99
95
250
41
ma
51
1993
1990
72
101
1992
47
85
1.5
2.5
1991
110
98
600
3.5
1989
53
67
58
96
88
1988
800
78
76
74
91
62
82
97
86
1987
81
79
1980
89
83
63
1986
87
1984
1985
105
104
350
1983
1970
180
1982
130
1979
1981
700
140
4.5
sec
107
1978
160
1976
109
114
1.2
100,000
116
nasa
1977
nm
1975
1969
1972
1973
1974
1968
2014
1960
vat
900
1971
1967
``
9/11
1.3
2,000
1.6
220
1950
1965
1964
1966
1.4
2.2
320
2.1
2d
2.4
210
5.5
1.8
1900
1920
1963
7.5
20,000
750
co2
6.5
1962
911
175
8.5
256
1961
230
3.2
foul
1940
1945
203
0.1
1930
212
1959
2.3
144
1.7
132
1957
1956
1958
190
1955
260
404
1948
3.3
1954
4.2
155
136
280
1953
1944
1947
192
2500
1942
raid
1939
1952
141
401
4.1
303
1941
142
143
2.8
3.4
501
1946
1949
139
4.3
2015
1951
2.6
247
3.6
1910
199
2.7
200,000
217
264
1943
214
1911
500,000
305
4,000
216
9.5
156
304
0.3
40,000
1938
1937
1.9
218
1936
1-1
235
153
1933
925
182
1929
159
1918
1917
1934
1935
cod
2020
227
166
169
245
176
219
3.8
1880
3.7
1914
250,000
10.5
1912
1901
174
520
226
167
248
1919
1932
223
4.6
1913
1928
4.4
1915
234
1850
178
1927
1890
5.2
1925
1931
440
254
4.7
189
5.3
1916
1909
188
249
187
1923
1922
233
1905
1861
1908
236
191
300,000
4.8
241
1924
262
7.2
1921
1906
238
1860
2016
7.1
610
640
237
197
407
243
1870
2.9
540
318
60,000
193
3.9
6.2
1,200
306
276
150,000
316
5.7
1903
1898
1862
271
1881
760
1895
1865
1024
8,000
5.4
406
1902
1864
5.6
'08
1896
278
1863
317
504
11.5
505
6.3
292
5.8
294
335
1894
abt
602
1897
870
7,000
400,000
8.1
707
headquartered
7.3
80,000
1a
805
347
419
6.7
815
605
5.9
509
768
435
907
6.6
413
518
6.8
740
770
8.2
714
3:16
6-3
1876
9-11
35,000
541
718
std
6-2
507
338
1001
6-1
606
1812
349
417
1869
384
912
10.2
710
1080
888
777
514
1848
8.4
678
1877
9.2
432
604
773
901
7.6
916
70,000
2010-2011
434
1859
7.8
724
444
904
812
7.7
368
'07
418
c2
787
511
804
600,000
941
2017
717
369
716
379
529
535
8.6
388
16.5
727
382
730
1836
802
858
1835
1,400
15.6
1776
940
1,100
712
713
2050
1,300
747
468
2030
457
394
775
651
754
641
990
2008-2009
18.5
9.7
437
447
8.7
880
1810
2018
1829
527
459
37.5
'06
90,000
800,000
711
120,000
5-4
1790
btu
15.4
526
624
17,000
622
635
1818
700,000
10.7
937
1821
1040
790
1789
350,000
1814
931
875
655
709
11.6
728
2025
951
750,000
1020
632
1111
568
587
12.7
811
1809
735
1803
627
985
866
1780
65,000
1/6
culminated
1099
1787
12.4
643
1777
1795
924
11.8
20.5
676
751
1791
729
809
657
14.3
821
997
696
922
1031
2007-2011
12.8
748
1680
752
2048
762
1002
913
945
1783
789
965
743
939
761
852
846
99.5
3400
746
996
1781
3-8
160,000
130,000
13.6
759
2022
15.1
450,000
791
1782
871
99.7
758
16.2
1066
854
1779
853
2019
fra
861
1620
932
900,000
1,900
110,000
1710
923
inf
26.5
2,700
2021
926
180,000
1260
31.5
2250
1060
964
1773
898
878
1630
2040
961
13.9
18.2
981
963
1105
958
992
9-1
1333
983
1492
1754
994
10-1
1017
1325
1086
1605
1022
170,000
1112
1705
15:13
33,000
17.4
17.7
1115
1707
1206
1122
650,000
1075
1190
1746
2035
1727
2007-2012
1606
1870s
1026
42,000
1850s
20.1
1033
18.8
1860s
225,000
2000-2001
23.6
1315
1041
'96
1689
1502
1615
17.9
1700s
''
19.4
1575
1402
2024
1713
1042
1027
11-2
1161
'95
240,000
21.3
1308
550,000
1235
2033
1175
2023
1504
3,400
95,000
1117
1124
1599
1499
1218
1151
1619
230,000
1475
1072
29,000
2026
1435
1636
1062
1637
2060
1038
1079
'94
1071
1043
1219
1048
31,000
1096
1679
99.2
1132
3010
1316
1227
1134
1146
115,000
1047
1693
850,000
1541
44,000
1840s
1198
1233
1241
1455
1244
1429
1332
1592
1/100
1296
3150
1165
47,000
1082
43,000
2099
1285
1169
1327
46,000
'93
45.5
1173
2080
2032
1189
52,000
1346
2031
1184
2029
1561
1385
2045
280,000
1237
1543
1172
1259
1247
1556
54.5
26.3
1257
1258
2320
1167
1388
10b
1471
1491
1288
4.04
49.5
165,000
39,000
1456
1281
3003
1576
1298
9/12
54,000
2125
58,000
1472
64,000
1578
4,600
2000-2005
270,000
56,000
1287
2038
3201
1353
1998-1999
88.5
53,000
2133
29.4
1457
36.4
39.6
13-0
1474
2041
1466
2037
2311
68,000
1994-95
1374
57,000
31.2
34.9
62,000
63.5
2042
320,000
1467
2.91
1993-94
4,700
98.9
2640
4101
2302
31.7
40.6
2730
66,000
155,000
bosnia-herzegovina
63,000
96.5
3131
1,040
2499
2606
67,000
37.2
2124
2,500,000
4,100
2141
39.2
1996-1997
3630
2235
48.3
.004
2507
195,000
3504
2062
340,000
2057
90.3
2071
2412
5005
3590
1995-1996
2241
84,000
73,000
290,000
10011
69,000
1,320
1,140
43.8
2253
88,000
2272
82,000
46.0
2129
1,130
2165
3045
92,000
2089
42.4
45.6
89.5
2149
42.6
74,000
42.8
42.7
3090
2990
44.8
87,000
2267
3117
2670
98,000
68.5
94.7
fy12
44.3
48.4
3074
370,000
6060
2146
2803
89,000
61,000
83,000
2258
2519
2357
2327
3019
46.6
2271
86,000
3407
2646
285,000
3014
265,000
2432
48.7
525,000
2193
49.4
2438
5210
3161
480,000
2364
1,420
2183
112,000
1,026
2187
2367
27,500
1,018
2618
1,036
1,038
9,600
fy11
3209
2484
2539
3506
3380
3370
52.7
3194
62.2
2731
315,000
2845
3245
1,102
5815
2673
675,000
3034
2826
2766
56.8
91,000
114,000
1,248
83.5
81,000
7701
1,138
55.7
57.4
56.4
1,133
72.7
2965
2493
2781
69.2
fy10
1,161
91.9
1,151
2917
128,000
1,172
2643
1,740
2583
acre-feet
2677
2589
119,000
3534
1,182
2676
118,000
3708
106,000
1,261
68.2
3809
3707
2686
1,241
1,445
1,272
4811
3722
3963
68.6
1,338
2796
1,319
3262
6080
6070
2977
104,000
1975-76
2773
21,500
5212
2873
5303
470,000
8,300
4995
116,000
189,000
410,000
3931
875,000
6225
4437
1,397
122,000
3961
6515
4345
2943
113,000
495,000
4940
2798
4052
345,000
2986
october-november
6012
249,000
2972
5312
3665
4044
1,436
5305
1,467
123,000
5107
3472
9020
5016
5309
13.01
570,000
1,666
630,000
6007
5308
3484
136,000
1,562
137,000
7270
142,000
1,664
148,000
5017
1,619
133,000
1,638
1,614
2,380
146,000
134,000
162,000
1,623
83.1
4073
3662
5508
4194
3966
580,000
5224
680,000
620,000
157,000
4276
5316
156,000
3487
5145
8021
111,000
77.7
2,310
1,717
4541
5331
2,440
143,000
1,758
5063
4965
1,856
780,000
4257
11,400
1,841
4193
4527
121,000
825,000
4389
465,000
4569
4382
5471
9066
5191
131,000
2,660
5083
4917
4836
5234
4827
6431
5987
182,000
4953
6118
2,285
4957
4838
4583
2,077
5714
329,000
2,167
6217
760,000
2,166
2,202
5167
4679
188,000
590,000
5239
216,000
171,000
5872
2,277
19,200
212,000
5856
585,000
2,632
151,000
2,585
5492
184,000
2,403
740,000
2,930
243,000
115.2
2,200,000
8,750
104.4
830,000
2,776
2,976
194,000
262,000
207,000
238,000
13,000,000
2,874
2,997
3,460
565,000
455,000
15,400
67,500
2,973
3,065
2,841
820,000
117.5
545,000
278,000
226,000
206,000
3,790
3,154
870,000
202,000
237,000
309,000
288,000
960,000
252,000
267,000
3,725
211,000
3,246
615,000
6,450
221,000
263,000
272,000
308,000
318,000
286,000
324,000
735,000
342,000
19,300
619,000
